[252, 332, 50, 1327, 1676, 2085, 543, 547, 1109, 122, 1240, 1262, 1747, 1093, 2199, 489]

[
    [5, 359, 231, 1113, 1867, 2235, 307, 305, 1296, 130, 994, 1032, 1946, 1279, 2282, 237], 
    [359, 5, 369, 1116, 1548, 1885, 470, 487, 983, 309, 1260, 1338, 1636, 964, 1924, 513], 
    [231, 369, 5, 1327, 1725, 2136, 533, 534, 1158, 112, 1207, 1222, 1794, 1142, 2249, 466], 
    [1113, 1116, 1327, 5, 2416, 2543, 810, 818, 1928, 1215, 891, 1113, 2528, 1907, 2278, 932], 
    [1867, 1548, 1725, 2416, 5, 577, 2011, 2031, 570, 1759, 2803, 2886, 122, 587, 1120, 2059], 
    [2235, 1885, 2136, 2543, 577, 5, 2314, 2337, 1013, 2145, 3087, 3204, 625, 1023, 655, 2393], 
    [307, 470, 533, 810, 2011, 2314, 5, 25, 1450, 422, 792, 889, 2102, 1431, 2271, 148], 
    [305, 487, 534, 818, 2031, 2337, 25, 5, 1469, 425, 772, 866, 2122, 1450, 2296, 128], 
    [1296, 983, 1158, 1928, 570, 1013, 1450, 1469, 5, 1188, 2242, 2318, 653, 20, 1322, 1492], 
    [130, 309, 112, 1215, 1759, 2145, 422, 425, 1188, 5, 1124, 1154, 1834, 1172, 2224, 367], 
    [994, 1260, 1207, 891, 2803, 3087, 792, 772, 2242, 1124, 5, 227, 2895, 2223, 2974, 766], 
    [1032, 1338, 1222, 1113, 2886, 3204, 889, 866, 2318, 1154, 227, 5, 2970, 2299, 3130, 826], 
    [1946, 1636, 1794, 2528, 122, 625, 2102, 2122, 653, 1834, 2895, 2970, 5, 671, 1208, 2145], 
    [1279, 964, 1142, 1907, 587, 1023, 1431, 1450, 20, 1172, 2223, 2299, 671, 5, 1321, 1473], 
    [2282, 1924, 2249, 2278, 1120, 655, 2271, 2296, 1322, 2224, 2974, 3130, 1208, 1321, 5, 2382], 
    [237, 513, 466, 932, 2059, 2393, 148, 128, 1492, 367, 766, 826, 2145, 1473, 2382, 5]
]
